Convolution 4 1 1 2 1 1
-0.7502914548388592 -0.40049499463836535 -0.36288477949948733 -0.6682300344826957 -1.0482805569968374 0.3937532228419564 0.010646220767792246 -0.43925977165014585
-3.634941607331814 -0.07193229695348893
MaxPool 2 1 2 1
Convolution 4 1 2 4 1 1
-0.5933212230248001 0.02767228197647579 -0.8580088685478675 -0.07848809533114764 -0.14314120030284505 -0.4020462725355538 0.4075955221532395 -0.5410896275583926 0.1600977115644051 0.4417646635928307 -1.0587199555509248 -0.07191144722984642 0.22676332400979649 0.013100426720368574 -0.22694094172008802 0.5314781701833647 0.03304702028060591 0.7006495274396246 -1.250844328155702 -0.25193343141882374 0.6077999624743139 0.07780652144740295 0.011205038784965567 -0.519997480086459 -0.6545857872551821 -0.6385790544340958 -0.9573801281798265 0.1502732149494161 -0.14635191604483797 0.1960818780941998 -1.0608100192136025 -0.7904259688421666
0.34535766966155484 -0.28573354998799716 0.8187576486718882 -0.46288862039521694
MaxPool 2 1 2 1
Convolution 4 1 4 8 1 1
-0.392990197380222 0.36655675942728605 0.0580542226738055 0.0732236739015418 0.18251482274608063 -0.1766739976805893 0.08148938831337905 0.5615179608161046 -0.13946615618720626 0.25492799265192906 -0.1709773701513299 0.06092727864308939 -0.024468470339796867 0.36235500787339436 0.07876833008228207 0.026963804371963333 0.5621777057237872 0.46761532045321896 -0.33367857940556717 0.3049953805650211 0.2086331955820305 -0.29159481429912254 0.48133609687121504 0.5502499278046553 -0.08873878521330598 -0.052134946937501064 0.45993356451420175 -0.4781548546318551 -0.3862975455346911 -0.5741624392872471 0.08741881088646632 0.1299215686812093 -0.15727577802304735 -0.07406519973691571 -0.10059055264749306 -0.085389104721352 0.15794928789215054 -0.05447228798422881 0.16300981173320825 -0.08105667639245444 -0.4916005166051165 0.04927865319498959 0.5589722417753674 0.06785710843195639 -0.35514663947988034 -0.19461571337316447 -0.22986969690031098 0.006333114195503733 -0.18447613450379985 -0.27781167029787396 0.0005531068658479667 -0.041994638979796925 -0.2879977882090861 0.04475790674284214 -0.0031160979319979657 0.8111870325843475 0.178088247495694 0.3991079715938963 -0.3412667106263127 0.10974809307217129 0.009322918442254977 -0.24297361255548428 0.5709472969320275 0.42586536648941165 0.09024152595083842 -0.05064574475283437 -0.3042616495482512 0.05171921255370594 0.006611815664455877 0.04937546642446095 -0.3883016790021394 -0.2597703443182369 0.030066325115056042 -0.13333912040853096 -0.014233425135151656 -0.01532144386629156 -0.4956705008174116 -0.4271333218209623 -0.125547712520917 0.4921750316810568 -0.34253931107526836 -0.4710884888456399 -0.48839860044000455 0.19697552901370635 -0.21758889239084664 0.3129606503745306 0.1668940262300937 0.09115077559554884 0.44265359883138494 0.4157334661930333 0.4092345375095384 -0.07959444897690211 0.14651654886677243 -0.09874472441044117 -0.022806148478319202 -0.27874754485893855 -0.3476570904681085 -0.19397115384379185 0.05513331192656557 -0.29868560188347787 -0.11918910538815114 -0.2245636686666941 0.19855878114497208 -0.12308827709965213 -0.2868666040658741 0.03796580949453475 0.23859070861446127 -0.05205216178988778 0.44924147567083195 -0.3689353991024975 0.5332559816667298 -0.3768127721829653 -0.9719945232285251 0.12361342637103911 -1.0620956189225315 -0.022682332322240744 -0.0784241566058129 -0.11889739480178545 0.6194043389000862 -0.31346160717426463 0.22549118865847628 -0.04906055643217837 -0.035768427654445725 0.20856704264209108 -0.2566574631535194 0.03070486592531007 -0.30621979700470703 0.22609825995612645
-0.1290987926172955 0.08737206755313111 -0.4826128766614916 0.01243784414961467 0.18468895936260396 0.13020208227081673 -0.0007245810885785809 -0.17413852169036673
MaxPool 2 1 2 1
Convolution 4 1 8 16 1 1
0.013149009915858658 -0.17573038167273966 -0.11378619930166721 -0.25659658069211355 0.1665664163317343 0.12536413399953197 0.3394513184691854 -0.007210619841187595 -0.04654991131423142 -0.47204662037948025 0.2889016248640848 0.182353599208412 0.2189263712123403 -0.21305708266581622 0.27359525123867856 0.47552904723625267 0.01088856358093075 0.13358220188145778 0.038633065684127034 -0.01876191985436689 0.2636152862710676 0.29902879491446976 -0.019934375728554204 -0.14856563073580095 -0.30854274739892923 0.08039668034919537 0.04463106868307743 0.14173114345798055 -0.028147371142335325 -0.3966831420092113 -0.16482986939260116 -0.051739876405017454 -0.0019543690826705194 0.2174007055689909 0.12610659398362564 -0.19270504059307278 0.22020906382008854 -0.22213745244189653 -0.013809771142934668 -0.1466559415975912 0.37252322890523365 0.16960905051119313 -0.03721040104918203 -0.19207614950059587 0.16238363695917288 -0.3285790920519816 0.33367818639526237 -0.036050366790133855 -0.04921181405085328 0.07950005598013812 0.03286980421352672 0.04903159547718305 0.09264506754276607 -0.08649636543264098 0.0376282898760491 -0.06327832228551095 -0.10140139419283614 -0.12405496897182303 0.1661937513832334 0.3367723025998809 -0.10361852267588535 -0.23594231281097972 0.16304459398501395 -0.03628128758330715 -0.05185410871083171 -0.22223999523721752 -0.36565232577950074 -0.20254902819588136 0.0391786726096041 -0.07741904418964819 0.2914906488483615 -0.07606354491489241 0.14843282113507564 -0.27066828727177145 -0.022616767553044346 0.018303190129539394 0.14759373371882095 -0.17323715760922576 0.17933595333961244 0.0024119523911955163 0.08775236310752166 0.39411010796457024 0.031937848078985066 0.01772001177576311 0.13298113103846745 -0.20579846218852516 0.026056943788694022 0.038800052581251146 0.2749673506969869 -0.03997436358345405 -0.09752227519789601 -0.16281203761947344 -0.09122990018350426 0.20832652939591767 -0.1320761388840132 -0.16691187014738582 0.13595056224466473 0.07734896861623772 -0.0659736442537643 -0.07846610700787651 0.09367512715652844 0.12517564938366382 0.01779212013699863 -0.08107339219333486 0.07582605356398635 0.2521716053137523 0.053006594848615377 -0.11831666461710172 0.28493439876610616 -0.2864549833156925 -0.23439930876975984 0.03912098226670257 -0.10871543840375392 0.13489831819098996 0.1943658174947332 -0.19281698255029864 0.49803406948270146 0.07501832064536593 0.20151654988630963 -0.06526238203792935 0.2160936458168749 -0.1700047774184451 0.03241691320916248 0.049774833096683305 0.15039277199921858 0.06209178837190552 -0.25370750529450714 -0.05319647994880731 0.3480559529644811 0.10930379718428423 0.26345938416932707 0.39362040288683425 -0.036413346573500927 0.22583849939385187 0.012856696526510522 -0.03832112273262465 0.4232368275706837 -0.010526919813678088 0.07772942059098109 0.1481535540798231 0.19607255806851295 -0.18818963061984698 -0.16679706662632873 0.4833197515236261 0.08709229120556407 -0.4299824818001925 -0.03078426392045452 0.19054094313031042 -0.21556567873320487 0.24010872448825357 -0.15338306143035715 0.027891140627757053 0.07573370321788098 -0.08738406187835326 0.06400521762834924 -0.2627896307285608 0.03252006426997924 0.09079610672037836 -0.2271692504044326 0.1156018912909646 -0.08397396287949632 0.0595746596161023 -0.10384344341279218 0.047420412336323714 0.3729492166099447 -0.0726504385221027 -0.07461744201447042 -0.09728715456893534 -0.30349799218007983 -0.1704880624840681 0.054233362299289184 -0.02286503740392292 -0.05151943083317736 -0.251007192443281 0.050564026218960056 -0.4730523054221082 -0.09601167741933608 0.16341567396042564 0.24110277042502465 -0.20218976769822794 0.018123587364589872 -0.1360191803407232 -0.09954948542510667 0.10673278469908003 0.11167063033283461 0.2519374689587961 -0.0015327587736043515 -0.1455838805956662 0.186980179548161 0.18267243537013897 -0.1284078210063745 0.3291960163953777 -0.05564009873395721 0.2520218047407248 -0.08167553868073887 0.04299873760860303 0.09699102563442429 -0.08824231500505013 0.02350390191784296 0.2550300431482408 0.18402497755401254 0.340364486388293 0.13042531489296674 -0.0765044960944958 0.04021417570872521 0.03148719807123437 0.1583122780722576 0.04274474109731589 0.14816167560875382 0.1524049781219816 -0.030968611714506118 0.25923886123711426 -0.13636195414859503 0.015289347767727328 0.30322384737084207 -0.2946629158756263 -0.278682230825814 0.06848024070028111 0.03833769565759313 -0.18299810388754245 0.04971003489420799 0.33281860225238385 0.01234963070177639 -0.008437233533847214 0.2808532334691081 -0.05611266176622038 0.30913737882573983 -0.1383530931890212 -0.044160722576295615 -0.032907028061793964 -0.2657952467959413 0.021695712261415007 0.019892697825730662 -0.13188282010723132 -0.10412167538271105 0.2623061072675925 0.15705824801500323 0.20255227201318096 -0.03584016401909424 -0.09899140122667285 0.0941029700058293 0.03871264259773344 0.3495843275400081 0.205729942936156 0.34843318363311987 0.0833363763363533 -0.10965476579497221 0.42863637618764266 0.11425654089535775 -0.23534233949952002 -0.14113017260023822 -0.23003993946618032 0.2830978604627823 -0.037381901616652176 -0.013007362249899292 -0.017208082611615286 0.20119904072071515 0.13723928514420894 -0.2944499401598922 0.3111956526348631 -0.19784967660857072 0.018022028991822744 -0.09419821983041976 -0.07048809750622391 0.23058504935027213 -0.13813695612567709 -0.18937277388483295 0.2219186466525687 -0.021203623269263738 0.10832466626036442 0.19174332312630213 -0.0699643662470684 -0.24272250079441587 0.3080852779616489 0.050247067628914927 -0.06324416033649685 -0.018016591427618828 0.4310868099684478 0.23471301851050602 -0.17176186497039037 0.17785377750442732 0.185094137537739 0.15272805933869785 -0.09738537099632162 -0.43085355313524426 0.043271199295874904 -0.19539835420181847 -0.3384470273117522 0.04494731489664432 0.1729449786243587 -0.15115647319548373 0.122731894499224 0.10322756456056872 0.07855017565287911 -0.1353404203087515 -0.033271644296578994 -0.09146091511903304 -0.05594462013337823 -0.17269067298910942 0.1328217405790203 -0.08137255493506661 0.04795705365806522 0.02964822522988646 0.2599612210050456 0.0713649389677558 0.07121449324185983 0.033848945375090755 -0.07427828995127024 -0.2387808966442946 0.07861039347381857 -0.026756526618056883 -0.10170296838415949 0.12106132909791739 -0.028140992212205333 0.04539624597885132 -0.14482440207014757 0.035588342879903596 0.12026234091741188 0.10960268322531405 0.2514958196151705 0.3667753281560725 -0.18707616317209408 -0.09236478367577329 -0.13395303063014954 -0.24598744980791443 0.133036472934153 -0.05402352036295725 0.14035244614787792 0.1836063458180545 -0.2753469582659849 0.16616058687876778 0.1855356922091994 -0.26616788832414756 0.09186955472674814 -0.04689096922709238 0.16742443791590997 -0.11591610656949153 -0.14646526598677667 0.2785715703399411 -0.01031882822875028 0.2198789527440568 -0.1785591581775285 -0.007278400723115521 0.11798085307085705 -0.35476030831649025 -0.2079307278763134 0.1434322019929326 0.1986317629906614 -0.2941371594916727 -0.15811041558464523 0.035329700552614744 -0.048457995690190145 0.07015073005380448 -0.12484831513837051 -0.02681647889459757 0.10929497533821372 0.4445767010710042 0.23979782998022478 -0.0873831854516376 -0.1693622679588514 -0.05138344110732934 -0.32021085853152736 -0.07693789781505532 -0.10584217100695241 -0.12458614607914534 0.13343740630896542 -0.03240925604880121 0.3499511332478369 -0.08528473836531414 -0.214678246936837 0.19184360496345468 -0.22619335930803974 0.07113936916136515 -0.09758060759286981 -0.40973335235956504 0.07400129596024178 0.17188579074673363 -0.14937358580800283 0.169103592356182 -0.35067492129469346 0.05984580260137485 0.0908570424058926 0.09095498922659233 0.03692111559173418 -0.12822028747583702 0.07897177278761085 0.041908536010809835 0.14880077511893403 -0.13354108678935048 0.22676981846903768 -0.38167683919568396 -0.35001723154594533 0.08946187356947446 -0.07241449343123611 -0.06832179390479731 0.065763288758993 0.21524737047253528 0.23907444737751402 -0.3314052041966996 0.057474580686447015 0.013688507263667075 0.0030801550337442502 -0.15988282569062717 0.2708459995038098 0.06962643084550323 0.1264759297361507 -0.3345878749172565 -0.10860655743280749 0.020464608168718805 -0.03410164517921052 0.026850133628465583 0.08187140872057795 0.014479380693954113 0.025900461035809817 -0.17183165273212572 -0.0135517441747586 -0.041166477294188465 0.011031346869193576 0.08465053033182737 0.02195973892885968 -0.021972172513605347 0.14299948739427878 -0.2963798608962364 0.4140665357898928 0.24214973998381217 0.29915365198599203 0.02855014026679573 0.2969777352769448 0.15294541199332756 0.40705085515929407 -0.06562461958327859 -0.07585992385877732 0.04169660171185494 -0.11639916812388135 0.39794913665648973 0.09538400945573046 -0.24235073319919107 0.06674574878866153 0.05567405337415052 -0.1004774849601344 -0.08057440581825956 -0.03991389941569011 -0.01824487356209319 0.1295751899531991 0.12014622414377707 -0.2383549436191496 -0.0650497850423526 -0.06636988950458815 0.13157777270641677 0.2382627412799009 -0.08164793155871725 -0.12583800351653615 0.1088927398746629 -0.08899722374532017 0.17810130750666453 0.1679536667018023 -0.18219234776859505 0.026377106469448908 0.039730456161290846 -0.1116762068500318 0.042598297595379045 -0.15541225495987732 0.015772512173030256 -0.15135196500921808 0.165085438425815 0.5084507549978434 -0.2508560718997393 0.1843190048955738 0.2086244643940186 0.047881573209994394 -0.09567177331910343 0.11541620664997039 0.003564359306701506 0.08120724217096918 -0.16034956613236806 -0.03083838509713825 -0.12145967900032228 -0.3014413274351022 0.045566619968005546 -0.1389680668243157 -0.20517856647939967 0.45261175211858745 0.05268009744186682 -0.09441675895749135 -0.015759031811998093 0.014916255008835937 0.24068626606751928 -0.3660007396046911 0.032947612674198885 0.17850351024390446 -0.08950420168294532 -0.003047674373891826 0.13082833470097402 0.16195970104794513 -0.14224641445408837 0.029571505771083636 -0.13887235563650918 -0.1561876309529335 0.20281179516390976 -0.013003326267259443 0.1014940723334184 -0.2708477921435505 -0.22674923728017962 0.08691023677740597 -0.16470178107198216 -0.03145815335170881 0.13993615536880413 0.048386037687281266 -0.1615924082677106 0.3269920620190672 0.05769070562544109 -0.053729965956601865
0.14316561801066802 0.07243863178385243 -0.03418567622685236 0.06889112133728563 -0.0654213860520977 -0.15271639843491644 0.08198892875938744 0.07061718188127879 -0.06331082079171539 -0.09137671931814258 0.020003318098642715 0.06771043407427899 0.11914657904762598 0.03630020323323384 -0.013811692498487923 -0.016844810341583694
MaxPool 2 1 2 1
Convolution 4 1 16 8 1 1
-0.1911935864789947 -0.140275567134121 -0.10261873716090156 -0.15170989592164774 0.17348817409891032 0.08265447754126587 0.011256768095890511 -0.009888306474601496 0.10756671659413827 -0.023549946486621235 0.2229958282479636 -0.14619248305140203 -0.03323774671898265 -0.1312273834135365 0.17105864226954012 -0.28321465016013647 0.2002867141756258 -0.1235966008016508 0.328766751216771 -0.0051020482119981765 0.0006713280818032297 0.01126004923014267 -0.07464540299685318 0.1118386090258659 -0.1839210957483259 -0.1289569372333763 0.07333669640669485 0.07831081634251741 0.17956493430653092 0.01967252479559829 -0.0025020562214691376 0.281186739055261 0.17404167379171484 0.4768275910451245 0.05549953626329944 0.015953777346395324 -0.12448110845884487 0.10949833395952104 0.13988581817730558 0.039584380608641966 0.21472106392462884 -0.0891360566938843 -0.15462391814345353 0.14650084329204338 0.23900390169807115 0.1522630220379661 -0.17230889306301334 0.10298552673922032 0.10769944172850787 0.1029401175134189 -0.015151136556496385 -0.2494452750573385 0.0363126458496092 -0.05690712042830556 0.18670895035200252 -0.21017506806316247 -0.14129701576138443 -0.06186012300471861 -0.2448977861201728 -0.18704169566936124 0.022054209951749226 -0.10342268753124956 -0.0844439809429797 0.0028015808977402187 -0.25853947654930776 -0.11781786968513573 0.16296175230610796 0.13607195161239888 0.13545629759726718 -0.08360387947456845 -0.23060691099879735 -0.1338015058090936 -0.040961442007971256 -0.05112925618971264 0.13884902916449332 0.1340884721852458 -0.056861160116387956 0.2208697563856772 0.031092872480479917 0.1256112102074552 -0.006130708438981559 0.31511198881857005 -0.029222292387975163 -0.1476620364909429 -0.22965961643068206 -0.09154975845066687 0.010162689670925448 0.2024384617193969 0.23891989702164218 0.07462289387079737 -0.10770015147863772 0.11070961882123774 -0.10095690425257219 -0.1681693832395042 0.07976691530150155 -0.10782226561993255 0.2523013718284485 0.14731264162995783 0.07220266109557053 0.029490175222708193 0.0979474690778706 0.2283698160275108 -0.10154898558802714 -0.011462643547316671 0.02837456906344885 0.03431361936555495 -0.0255563156874913 0.1709568718987843 -0.17490248781347717 0.20655633654458522 0.021753845639204402 0.10229782667074731 0.04374141993309652 0.015335554259756053 0.3843463733300994 0.1731774159091012 -0.11985203359925896 0.11474465962323971 -0.13032822809819736 0.05741717221116999 -0.07006190823895515 0.12191809768683369 -0.24830828999039237 0.26291009127929854 0.03922346029848501 0.03300270074666718 -0.012964638594893068 -0.04098093834742674 -0.02477893899911577 -0.02302903445713441 -0.10986898970994369 -0.104372601686188 0.11286842237784059 -0.11529874330330107 0.1683473980237165 -0.030855973847421322 -0.10647135038113446 0.012180352007703257 0.08474366930314887 0.035973278317558276 0.1076729902761639 -0.05627594831177882 0.09132935479768266 -0.058085121588886145 0.0039193166773648135 0.10305209151411734 0.07103982891118044 -0.012819584614405272 0.032352476143857986 0.14992778965795686 0.11135021841314283 0.014053923830271754 0.18050968652751198 0.027048738133827136 -0.21332487418136642 -0.12249626528983415 0.029921026557437346 -0.09475562933955908 -0.060055301684282705 0.14076059299211827 0.07470980164595961 0.18649256215504398 0.05665245061019217 -0.009810426685575477 0.13165149552515465 0.05454649105860994 0.059781219896754285 0.2126280316174526 -0.08430934407759591 -0.04222882262341918 0.16348790132861127 0.03324628660275296 -0.035682234511976316 -0.18513655991741867 -0.04708284341015543 0.0790637799766453 0.021872453804839844 0.06053984107703206 -0.19544234598942697 -0.22892601241973126 -0.13542434189406094 0.0734270509225722 -0.08142657268445631 0.144777765027608 -0.03405997734043204 -0.037547195509031996 -0.05176905864294947 -0.08324387975844073 -0.11813533966834672 0.128053129991932 -0.12428979450471718 0.1622700148857194 -0.0343590946000912 0.13546454167469546 0.06179388758992489 -0.0754814454385185 0.06840317423808039 0.054749401564112114 -0.10676248026400204 0.13425830985982987 -0.11834605994979593 -0.01024793744132883 -0.08804010512235393 0.17157002102033345 0.06754080151954887 -0.08592402002928565 -0.153698643891795 0.1444845747492118 0.11395139919599705 0.016189678292941566 0.00979587618729907 -0.08195453742916996 -0.16588643158252514 -0.02192935915459894 0.2065782117270116 -0.12054910892660904 -0.08315166025627987 -0.012765033579229645 0.15186840438858262 -0.015027883114445566 -0.030594861037548524 -0.06237573383576843 -0.16988164028847702 0.057867611239451944 0.1188537948229678 -0.10870444201976336 0.056173212234949046 -0.014508301227034157 0.14256851474106713 0.002157976943635539 -0.173556932750952 -0.05566840324344596 -0.214483260343104 0.008512308166515825 0.07728064458888677 0.04064490193554396 0.06005950059427434 -0.024295856695533247 0.2700668743076979 -0.20920431148768137 0.11041312399797533 0.22492885109281022 -0.24403170743158728 -0.15118883747651532 -0.0012163931304201706 0.1983872292904324 0.2460459843881157 0.12393360458608667 -0.0409560182872039 0.07928745042324288 -0.17841981084320466 0.2170055562845251 0.015588795945931546 0.03409105917958431 -0.19394549653139698 0.1953554404871108 -0.2227792653398621 -0.08120610778156474 0.13957639440245917 -0.1799976102224999 0.07089781921256065 -0.040382737538196836 0.015899747692795688 -0.0650168810412363 -0.1571123734351572 0.08118411669170794 -0.02591471391547846 0.002751522246363376 -0.07222135642439295 -0.03153273986536008 -0.043807353990794266 -0.05960657577196776 0.025575840009023097 -0.026928535324772226 -0.1720704181482596 -0.1721602847160302 0.02920448564461738 -0.21832571119520772 0.10953208856127408 0.06695314204856631 0.07952278425564638 0.20912701469294842 -0.015424054495638367 0.22009573971183427 -0.08570196176465632 -0.09691007412103032 0.25107887627541897 0.10791882289963879 -0.030993484807530648 0.03765247606784773 -0.07512884893499562 0.1245819365997287 0.14167635723088823 -0.2144980236838286 0.12789015504232268 0.1294015735981824 0.13524887078098466 0.047231156102055354 0.15287123889114948 0.287792416433809 -0.007637633746187689 0.17294898015772106 0.2215857800592245 -0.013273209373252126 0.03203665259994918 -0.023582599599757975 0.09908807221528233 -0.07617925036070908 -0.061352808222263557 -0.013386252476959752 0.024596199419106308 -0.3445120512869502 0.03070923191057322 0.06541601150138987 0.05061178068323208 0.15816436242038182 -0.3178648718466254 -0.008038351687976461 0.15033958365584812 -0.10204041769260104 0.03731089059995689 -0.058644742958203544 0.12981630020517884 0.036327913211219094 -0.13690523070132501 0.11551240724831954 0.1266670817954994 -0.02441199218159441 -0.057532239722697553 0.010550476459422439 0.1604084250330554 0.024872065901805032 0.027502541479580183 0.023986101915845083 0.017812923986051776 0.27157186464446925 0.16264941764526725 -0.13279514359525216 -0.1756692050605021 -0.0775484674757334 -0.08748913633815769 -0.00506071512437417 -0.1084413522874812 -0.0144318303597285 -0.13501306774865815 -0.296477821650542 0.04641089511908527 -0.18560037581341496 0.1202320382930565 0.11811205801457107 0.17390288408565452 0.06969838635961291 0.32833457701593377 -0.26522018092409544 -0.1404400345925588 -0.03420759361516393 0.005947135905056535 -0.01839150364267096 0.1356135196900969 -0.11786006897134363 0.0816940549167825 -0.15074223673867676 -0.10744697367707312 -0.1963858941489496 -0.12165956759070706 -0.18195425441182977 0.07633359740607898 0.12407892069839635 -0.13953075036785045 0.11461818373466184 0.1712781774002333 -0.15808724775427815 0.1923077113695906 -0.03732263949765237 0.0813783710834463 -0.15360430887114707 -0.14765364576608778 0.011591212647985117 -0.13210292640400406 -0.034952217240533955 0.19791340027172036 0.007991091933786327 -0.1547776878550277 -0.10973472484726832 0.06905629452669179 -0.14115512663946386 0.1456945990991009 0.08220548335946341 0.09529152771464977 -0.011633012360931352 -0.07253819841765927 0.010456280350001899 0.2191542066254909 -0.11771595137076235 -0.016022989418866623 -0.11014040775520044 0.10045665254031445 0.04103002852417686 0.191398630958449 0.08516939451966805 -0.20178751632586744 0.0980229998532707 0.08708181927889724 0.12031968103868566 0.16992520177041318 0.08294025760859426 -0.016541824277654268 0.12924992641501487 0.14064389470249455 -0.03097518926876187 -0.330053002761602 -0.06313334364475597 -0.22008952329429912 0.01857008502476808 -0.05186681411942173 -0.1013563813301426 -0.030299221081009547 -0.015057402376320679 0.016544208117612414 0.007388357194178744 -0.1298277268584893 0.19365548627634896 0.018314583584632227 0.11648679938970122 -0.14561727693852503 -0.22192072819069825 -0.006365552388255803 0.03773346963546293 -0.08513340129140479 -0.009357881818024806 -0.22668135842297213 0.09862871227095701 -0.1768327820353932 -0.11631361019256332 -0.025073633787496427 0.11665395937378312 -0.11308848215334277 -0.20072412688634464 -0.008952521924292377 0.17838474556534767 0.06046711811193843 0.06680418215783007 -0.003637794744463944 -0.12326001617644045 0.12374701333660686 0.0861250376088717 -0.16579237254998133 -0.05823685222782818 -0.25453443885345106 -0.015002017691376164 -0.29146869810507653 -0.05445560283516469 -0.05498982742697452 0.08610192718234948 0.10498875435417578 0.059292078037571055 -0.02071201174110108 -0.11968361576106734 0.04111111370123301 -0.02001553662486639 0.15833490155575883 0.09093350104566525 0.054759108661609386 -0.14879073077986404 -0.07099417390202165 0.18087530884171277 0.008077381741296652 0.03222379415500866 -0.09294230515182562 0.12980071005161622 -0.09698047047179034 0.0653268610081048 -0.15971885154907092 0.1998004938826867 0.014221577039896207 0.026215307972941165 0.09483641640875302 0.15305818589132306 -0.038039498861332614 0.0010256305614398545 -0.08987100051544135 0.1498178433171786 -0.026835169815325438 -0.02424201540219874 0.2154208429008149 0.12684920424149337 -0.13284887160322142 0.1120428437591842 -0.17276973984766777 -0.05104993427416194 0.08598737244796444 -0.09443741331399401 0.3343469029852097 0.09672479250440545 -0.05611944122355396 -0.07727438817489388 0.03425364353547634 -0.13765588758932315 -0.054047170778337976 0.017404724094823545 -0.10798427853047225 0.05865944908507174 -0.008447800434219829 0.07444594691117346 0.12756968752790715 0.028429382106920476 0.22033456909600851 0.08432426888306725 0.07757649757969826 0.03626783232322883 0.012036957870013479 0.012587324474799284
-0.025927311596899986 -0.06584116394068877 -0.5465607053492493 -0.5050801984243709 0.02889312691737428 -0.027654990116815 0.2748743458850583 -0.01640903828078583
MaxPool 2 1 2 1
Convolution 2 1 8 5 1 1
-0.5634607638866149 0.03010793313413454 0.4047971957178335 -0.18826689997497312 0.16698677817141508 -0.6723222746566692 -0.574027775286694 0.6237712741359241 -0.20811709099591358 -0.3607622023661833 -0.6743911274371239 -0.16754069614655237 -0.23612021528406774 0.030509872219832253 0.7078460586057225 -0.6396697222362977 -0.561009544797292 0.17223462462822658 -0.05111488310496071 -0.37092213230090704 -0.2981261211879876 0.22751254189443798 0.07692853382655303 -0.548609747919208 0.26263960856072344 -0.1106181499165243 0.20419270578902884 -0.14828891731162125 0.15897412336332 0.28359771556883134 0.010036893251762076 -0.10782891021075808 0.14886721316711243 0.4695772605694847 0.1064793783794178 0.48292708158630127 0.39644103585492335 0.2709148599874769 0.09390673886250898 -0.22878437399653226 0.4478468058701993 -0.14134726890948662 -0.502523647245474 -0.2387288894786047 -0.23666479946626814 0.49978678817675704 0.3066041783792052 -0.858979395922309 0.1778440530918855 -0.131502449521795 0.42037836070879814 0.010877437934769928 0.04847948124192433 0.20151064101058053 -1.0673624408835667 -0.029931590392208135 -0.03975994436910406 -0.6229220392970016 -0.12463694047069296 -0.2422300243830084 0.31813247705210534 -0.3607048674645635 -0.13903071343937948 -0.1867475680967687 -0.29959600790726404 0.16101092651117338 -0.08136771267224353 0.32125847923091255 -0.2515938762031875 0.12589129646827388 -0.02389462469326781 -0.2342665446994932 -0.2065496103034015 -0.27478601133447217 0.37493315478024664 0.055619713979526045 -0.020378785843962053 0.206803073897595 0.21825406526059588 0.46627647684728935
1.6919999372855579 -0.16878674695161566 -0.9318568704292576 -0.38438585340578524 -0.20697046649889736
Flatten
SoftMax
