Convolution 4 1 1 2 1 1
-0.19697083107121305 -0.015078214170880415 -0.36589301052624806 0.76955310535093 -0.21835210013539139 1.1592710993118238 0.7314953497784468 1.122501131008497
-1.1258209129506183 -1.493329194416408
MaxPool 2 1 2 1
Convolution 4 1 2 4 1 1
-0.4727445349735829 0.21994731454783564 0.3086432501542314 0.12583327329700844 0.26379657889235253 -0.10616585685669451 0.8388113493455487 -0.5730764171503475 0.3943562635533883 0.24033280860703277 -0.3937081497568465 -0.05641806392447195 0.8442745204324031 -0.28915510310461934 0.04884464029260521 -0.595752445336323 -0.1568349921074324 -0.12758574427030558 -0.1630570743838021 -0.7259819512554897 -0.22246130726879865 0.09848277973692204 -0.5577395267587401 -1.1938272337665174 -0.2842998418206865 -0.017798758985041255 -0.6127830798871546 -0.049998365241197926 -0.14836567791609884 -0.6121228486294339 -0.2366027857055098 -0.43239166335552814
-0.00870778450476736 -0.6574264028001119 0.5968461221663506 0.8559396958840214
MaxPool 2 1 2 1
Convolution 4 1 4 8 1 1
-0.10705494804616181 -0.12048415149831926 -0.013800667489777329 -0.0027711891269963577 -0.012471055655584087 -0.01302922367147458 0.11725778508495392 0.18569186191144113 -0.32800820826586324 0.10153140848502276 -0.6242934793870831 -0.10878985889501794 -0.16036883045990005 0.008001805697165382 0.23164713071385565 0.18622329983636848 -0.2584452847853485 0.1556917976132348 0.44945856909973053 0.9869383374588443 -0.3427994995592986 0.3521849068057057 -0.056747058266941895 -0.2795011264154726 0.40647809648615146 0.4163973852988584 -0.1549932402109433 -0.09586473379843224 0.03388868224535969 -0.20482472351333395 0.361457483205168 0.006403228809944071 -0.2033780637791318 0.08517503633228433 0.38101957101168005 0.04778925775114709 0.2286656531161068 -0.3013911731364903 -0.1491235131117843 0.381197666131408 -0.2515815141953207 0.15134915080381595 -0.11121341645735622 -0.41230719986680414 0.42450495831162594 0.30060891986196736 -0.2806282841740669 -0.09737855907346567 -0.03626119909684223 0.4451033138927711 0.5939945663499939 0.3721330948893452 -0.042238668973464476 0.391970012354461 0.12847595981153415 -0.08710598105600488 0.5615704548966026 0.131565555251857 0.04338282407936427 -0.2099137883734031 -0.13657102061421653 0.07766706368412636 0.09472193931648018 0.11172197183288247 0.12088145280319144 0.019321818935119372 -0.00893490715798984 0.4053222973582116 -0.05155113372742194 0.1846551426268278 -0.22354558360866214 0.7818782511404505 -0.2600422078741128 -0.25027697993343406 -0.7842542299898887 0.5417566081629679 0.046033514270468076 -0.009053327101242077 -0.07043566848227144 -0.10561888938362356 -0.5697429034011543 0.018565289559874423 0.1501099370711594 0.5251944316099825 -0.024100138459330386 0.16321116365918656 0.10675634274055633 0.25910565252972656 0.12365380242974897 0.6385447924158543 -0.2041653592194858 0.3463133032680306 -0.21038488059107172 0.46286823396452365 0.21007136598885742 0.36776296675393044 -0.011046929465402531 0.019153986839558445 -0.18529759558434644 0.5512088086286102 0.07268041618726152 -0.8302223166942009 0.2351217898901507 -0.29897067503657043 0.04292292043406398 0.16273063106814487 -0.07026970852406056 0.21354097037390724 0.00010262997096474385 -0.013988746852324818 0.38327690990435165 -0.4544522180814927 0.2770501566872338 0.3538157004368184 0.38270627107360256 0.03857483654391644 0.29901365192830504 -0.024554073198326445 -0.03481911401493938 -0.21044734595782882 0.5115547782047759 0.08965361640633382 -0.1401191983570252 0.14318884542319477 -0.5981531500446093 0.24554725271427685 -0.2274097092308813 0.07052235296901392
0.08389405844752693 0.058195121211490966 0.5155513520212778 -0.04533120217368267 -0.3429043410615962 0.2572298586680542 0.3160635336176196 0.3148838595030866
MaxPool 2 1 2 1
Convolution 4 1 8 16 1 1
-0.14821169061293635 0.04215212763415174 0.14848060236655242 0.047186940206335466 -0.051181459523794604 0.11587561487527107 0.520291568782506 -0.2539466524263566 0.28662413309302015 0.06346444533202894 0.12512755254163005 -0.013608444571634194 0.08683726347299871 0.0005574708386361529 -0.09963888909480507 0.021532361575001626 0.20062133426829834 -0.29327843797053005 -0.002965715857500049 0.26252526445178415 0.3179885422564291 0.16244575153068685 0.17304880674038015 -0.11529571038801875 -0.019059019804823368 0.038741223080455536 0.3328220599201123 0.1976014364499132 0.0702935575858352 0.0492229361760255 -0.03760977098912054 0.11084988074860433 -0.01956719080926003 -0.13088980480910076 0.17725687383717267 0.3128171518298244 -0.3428249332833122 0.17092411937621513 -0.38287321956571413 -0.3146714682973977 -0.11207520666794828 -0.2150635895323483 -0.25712852592777485 -0.20624716431728035 -0.04569707061218688 -0.09792326185211245 0.21656502765396032 -0.24586796890147958 0.19582294588905755 0.19009165733727756 0.04016619202590923 0.8025901839236269 -0.21169274955435013 -0.3687579593430534 -0.25277330783930424 0.14824575018721375 0.18608603268800322 -0.0417783718186737 -0.1323060932036377 0.08796156248899989 -0.13233611034261844 -0.12090340153364451 0.4715734317209041 -0.21803852147018601 -0.11301929665638333 0.06804823922716667 0.00834013729972218 -0.1380262375985234 0.35369139993568777 -0.1611203196707341 0.0212788699300745 0.06954077375777386 0.279042049372231 -0.13371376513263655 -0.17946036344815408 0.07518166439990276 0.13099178760986568 -0.5019329689860089 0.041222432522431025 -0.23330063371819965 -0.20589674727605403 -0.019255985492366432 -0.17073646381215235 0.08982722568551488 -0.30999056278789416 0.1389788485843055 0.07926224052301777 -0.08751784815489078 0.27509326396541106 -0.09785093419795193 -0.05731115942756033 0.2654941615424593 0.1166523120291433 0.15966895482800594 -0.07287073851237044 0.013336716284347122 0.03589612354439003 -0.06745754086807523 0.35637305324690116 0.029634673414885168 0.17910582909710487 0.018594794941224027 0.2452787855149828 -0.3570544138088927 -0.1365376461224042 -0.021324651413425984 0.26415034034199586 -0.006172978726737713 0.16733611877866972 -0.013045863848023934 -0.2771200199041582 -0.10791537488334178 0.14963700551270576 0.03214873674782772 -0.06758598739249096 0.04124181375765825 0.04346529742538362 0.09644009001488289 -0.06466917920151524 -0.26729941967899096 0.1163170988838774 0.08111268373865865 0.1899602820561737 0.13374883455247072 0.12597929491259544 0.07043426325445441 -0.18844195362164856 0.25415691094545934 -0.22517499748643247 0.03226971965080007 0.03187388786997498 -0.23434838252337992 0.17391958578589484 0.12917907219349764 0.07063979417107602 0.027190649942241917 0.09017383155119202 0.06421479998484521 -0.01900306669455309 -0.18313431254611895 -0.2063668272653656 0.12848898759863087 0.04964897246862933 -0.029721806537210377 0.07045253588416414 0.07565936175961026 -0.05486810421371272 0.04321614433059119 0.05722687868947643 0.03256045365397286 0.22625812043066343 -0.11363902446887768 -0.16093685770073526 0.15076192799202975 0.09810816479776216 -0.03557190330606474 0.11158651843891051 -0.018816634760369124 -0.04721043817846642 0.2942892845031736 -0.11725097898991681 0.08582623332378249 0.08813035171177616 0.32627134520934725 -0.2514982292727132 -0.11970613700184421 -0.08357673146999116 0.07594950742469396 -0.18042342774652345 0.28568188343115214 0.3586369019816873 -0.22625218649564857 -0.37007470096600864 -0.2027891474987761 0.18687224288214332 -0.08572219331474892 -0.07614194991289348 0.21577728018710024 -0.011962632315270363 0.131976142848021 0.3755206682179023 0.10817327246087102 -0.20758037463427775 0.22584625033603845 0.10890304639175372 0.171793380025345 -0.012369051441410275 -0.06816229492882696 0.2387924678686202 -0.1732325999493183 -0.09279658862848514 -0.09015745965622157 -0.28178582293353704 -0.06488124539882696 -0.33249485273042323 -0.13105132127799324 0.19920649694036427 0.16590397067776216 0.17516150178866546 0.21086173249886678 -0.018651627817981895 0.1385144290099573 0.10922608681904471 -0.3250697665388149 0.25332926651244675 -0.41292671290099003 -0.01373959924961514 0.06309636577708165 0.21288451384887613 -0.04781603869534036 0.3872994006094331 0.23488009687037614 0.04338921693794856 -0.22473481843137066 -0.05381292320144812 0.3747714810044126 -0.18129795219801165 0.007295703101209462 0.05382599709864527 0.01301472827627653 -0.020268274194868114 -0.1082596505329637 -0.0367578879997413 0.0998764708436038 0.10098602198158213 -0.07590206010965085 0.06622176422158622 -0.1705933474720102 -0.19156237367415835 0.13180835951524558 -0.06385049881011601 0.12244538303759411 0.11535346965975167 0.1314934761595987 0.2387940759396282 -0.14054176964142673 0.15209207910240563 0.20965665746474463 -0.27780561430375994 0.11270929112877558 -0.054011144105111104 -0.01315221154725331 -0.18176960912533935 -0.023498736108931915 0.3240287284417985 0.41903977709705637 -0.25885387148073086 0.21194950854656325 -0.14326684582324148 -0.3043977167108054 0.008001503290795658 0.026648080148825765 -0.1460390941212298 -0.1496093697413031 -0.21593553957496958 0.20350273099828448 -0.35533020292708967 -0.16170386398777709 -0.04114085073834644 0.33792679559813016 0.0643738819089305 -0.2113672837792758 -0.016125031966317666 0.02021231562334111 -0.4564901701226554 -0.11608612068377144 -0.2032595781156521 -0.03647098928557193 0.05431991731086985 -0.1345022721115135 0.002705983264706176 -0.04052362510594764 -0.10790709225105576 -0.14271870438703246 0.0355191827552362 -0.16305360665199123 -0.06456348725469979 -0.016691453467817953 0.07566162631445784 0.23985510343215136 -0.008731932907361102 -0.05649010321432486 0.06740681962322631 0.006169241971814285 0.23922025121534007 -0.08467121608455631 0.02965303456690741 -0.06660403653160221 -0.08260229949079154 -0.17812871249500717 0.026318312424655856 -0.16077605752502575 -0.037410747007478456 0.20996673157150386 -0.21553064238974798 0.10550761996272592 0.07348867780095357 0.07011066075762039 0.12002605336572436 -0.21089228355588993 -0.19107713309546454 -0.09484065616904704 0.09000722631196885 0.06937186850162326 0.13467310656510495 -0.0044533292259414945 0.0406605301062494 -0.11196614688133102 -0.06246332944063421 -0.1729737070775642 -0.24157116973887838 0.17796027403118372 0.020538776436234123 0.03888915700208816 -0.10201369410112128 -0.129359819431656 0.07766448450209068 -0.040034954164166886 -0.05343713844339367 -0.15485885490132412 -0.17054656871672338 0.0010656723652825648 0.012028153734063171 0.26522542317083064 0.20022541284928613 -0.007737263017934951 0.19681456661486188 -0.05060286260638071 -0.3399642945824281 -0.1478288418820913 -0.15098160040335115 -0.09089125716093951 -0.08414392004947238 0.035480146346224484 0.24279785059133183 -0.07015095186884789 -0.017780339344720973 -0.07067612094997579 -0.005146472398641005 0.009781942767737082 0.13794148355165348 -0.06009870673462064 -0.0765935807507324 0.054842101757550235 0.37300897094437196 -0.29745378211100293 -0.042360113459515 -0.034243149357642215 -0.11099479435011385 -0.024838051072330447 -0.17452526358551596 -0.16298865305973673 0.20661327142982058 -0.045899971644485726 0.29978472078369717 -0.2805150531639903 -0.265162999372557 0.356461430716479 0.17400877310104546 -0.0179302891285096 0.169758183119054 -0.11801715789089692 0.039494609491511526 -0.015800414855403386 -0.17128695124049798 -0.29976986919475734 -0.15230940180575245 0.06831830184192682 -0.13588587104311914 0.05427487912537712 0.06125441887223915 0.2899267616995579 0.04487172841124621 0.3363161543716137 0.10415367719202251 -0.07262937220992856 -0.333469743028792 -0.03798238459244787 -0.2890317008481138 0.052181423567667945 -0.05724920830589245 -0.068321263312805 0.12218342647601454 -0.06963154419435823 0.10745597720611254 -0.20540953151580732 -0.06848908501050505 0.05725132889913693 -0.24004645404404934 -0.1870763391849823 0.07294260120711028 -0.07168167981899218 0.3066381250532177 0.07746783069589418 -0.38002964732144756 0.08284131821228057 0.09014775384691236 -0.049268274216357294 0.24756863067382 0.1744094781128186 -0.250878365543771 -0.021542993243082984 -0.21424529366614808 0.20506482710475668 0.08201456862107406 -0.26442211512508695 -0.07070471324727431 0.5187453537281498 0.1311220255027508 0.3113384173276377 0.25084071799851965 0.23411393813639383 0.21538191669908494 0.22075509600921353 -0.12316254479463892 -0.3086964718358464 0.15351570821659133 -0.16135797056242757 0.1388405467644708 0.17771431896776355 -0.11524359516222638 -0.12530331211054785 -0.006793663857866716 0.016794800470404186 -0.10983989730551529 0.19380979284502575 0.06407301796388754 -0.04755054124295897 -0.420015797567539 -0.42732755290902 -0.4496947742581101 -0.026722030473239507 -0.14701139624865062 -0.005275653481798981 0.32992558915216114 0.10210778836067139 0.058808301375597796 0.20636945299092496 0.25460946544031565 0.053646793285198634 0.07476599827590007 -0.030635894788891952 0.010766722636759846 0.2900495786419516 0.07800829599646215 0.014320308487342797 0.12652278281955281 -0.07951976495688264 -0.011509789841331022 -0.1016419888363816 -0.13355209489364844 0.035763535636243245 -0.06287498267836783 -0.050620402520454175 0.08996467745707594 0.004909631858845984 0.08835931463267135 -0.035048579630725 0.11120678775115692 0.09528433268415501 0.10420721130355638 0.11794267961285525 0.1380621838521351 -0.03124972334459945 -0.021018961670318373 -0.0727359040457603 -0.09983082673274604 -0.03578558519169872 -0.2878799409415648 0.29356610412673606 0.12660486247766461 0.20931139480674033 -0.01160354998952607 -0.27308116600235793 0.005754289273047791 -0.13365428893077833 0.019427624221784703 0.020159759341305417 0.15242346319673258 0.07553724206416058 -0.0190689670703015 -0.054853022112106055 0.0032474079713897667 0.26558492897988717 -0.02175929293028696 0.08204247491079773 0.07622944554455818 0.08156369756028604 0.3041122527275271 0.2771822821066305 -0.05624840574400112 0.07826039246899298 0.05605655330656556 0.07132110651238681 -0.1477555265276069 0.0004892344755741371 -0.010686109687771289 0.07973580541365365 -0.009816033194361258 0.36664144809208193 -0.2305055696745423 0.4092029526903576 -0.24500236337442588 0.22679889989975602 -0.14677251947906908 0.3023980137557471 -0.16866494305908533 0.1284198438741917 0.027848065554667217 0.20832697916394938 0.09874222943601273 -0.6967948708654156
-0.00031672489736194354 -0.37082147156596956 0.14838533969337084 0.3397143355149623 -0.22396234750550542 0.19876056122616917 -0.10469983810721677 0.07825739026945208 -0.05075928030961401 -0.009395586310587883 -0.12215197604640825 0.12090883405989279 -0.2141995378075842 -0.027187332977635405 -0.08492455446903509 0.11863917773100734
MaxPool 2 1 2 1
Convolution 4 1 16 8 1 1
0.057771408024878804 -0.0513073760040248 -0.06734810445705768 0.028332440134909792 0.029905714427952267 -0.16355599985391026 0.11276507308158411 0.07050891530269375 -0.09383433547096917 0.12629950342259735 0.22510392531956153 -0.22075032845697395 -0.0928562873444913 -0.09606717456905277 -0.005966957957688137 -0.0070171912247229545 0.16544888899593063 -0.045808789003580645 -0.1397553215443287 0.10207411634000163 0.054159353024845 0.05493952271243206 0.10011968665489328 3.511439916328092e-05 0.7315403414998537 0.0940086788364848 0.3433131217546476 -0.36224873931865 -0.14847824484812308 -0.08798063631728399 -0.03101002694538477 0.2214761916911523 0.11912838210244373 -0.010119994381803945 -0.09374999583190305 0.1459530001231046 -0.08210644749159796 0.19112586468387396 0.03882179520927227 0.2836367155632108 0.11459576017592957 0.07025354227338199 -0.09547181253528234 -0.08288408639086234 0.1809235179788901 0.034006233980111406 0.08789664319526541 -0.07521387591724059 0.056824481355453635 -0.2186180308229345 0.24450026674222508 0.15481539222415897 -0.28960334850424685 0.0395635801421953 -0.05286176733385982 0.35484242618989587 -0.05790620869395709 0.11036390291956599 -0.25225740256145474 -0.09963045742800665 0.05498813305104741 -0.07222008209496587 -0.00038632748632966816 -0.14249296319973778 0.07410311209799113 0.12137516192834441 0.02258070089395549 -0.051698324838119654 -0.04464864308421183 0.20135435782688263 -0.11750347920829309 -0.0074288215717238084 0.011478300201373953 0.09693052566483688 0.16519458433499773 -0.008818582351572615 0.21542573461364606 0.1169358598413491 0.026556821427460065 0.09158264671147935 0.3098751745495633 0.03412389296122481 0.24438578648218426 0.07206383463683423 -0.04641451639180089 -0.007038876869192932 0.18163364153406616 0.12907908680974572 -0.11091514636834598 -0.006954878216182312 0.04432794869925997 0.10263569363464525 -0.17378545658177574 0.14820364805752068 -0.25176003641553824 0.1302590847176892 -0.30989905619531116 0.08098122781168382 0.06112622356856615 0.01321485529050053 0.038989265319976166 0.21758711372755207 0.05576594625490322 -0.024079498206549144 -0.07085514070550697 0.03163470453934422 0.18176887726835675 0.12405321892155903 0.13859016305715627 -0.13473752033481537 0.03361637991579154 0.3022878262755023 0.21709248593605532 0.08819362370988144 0.36326939850608114 -0.06792610011268921 -0.033090311397932795 0.10692879780025728 -0.10425848189271944 -0.23039249811102777 -0.023742974779501394 -0.3107083872693774 -0.027625576467531738 -0.05483004531815724 -0.12440372578475806 0.17179579904338213 0.19445889325872268 0.13110488046003438 0.10243853607556444 0.0936197338462403 0.04084562071197543 -0.06563660824857305 0.06454544968437442 -0.15528949005970347 -0.09436884868795056 0.045942873324055354 -0.045027324933678274 -0.23322754680029953 0.0016956582432669446 -0.02308646357189545 0.17281643789090542 -0.04211920323071062 -0.0003732313213181485 0.059282585006531774 0.011507202866704761 0.007501813209247276 -0.02947480743966573 -0.2429893738865568 0.23871492984897505 0.07175491266388619 -0.06309460674623084 -0.014088096008582214 0.13556866225487235 -0.13514437667759638 -0.2021280925912183 -0.10129728717820098 0.07623003926083387 -0.005220308005472712 0.06477861841406456 0.05025484143162083 -0.08990495733490808 -0.04626245421857926 0.30241107528069383 -0.04925428624793938 -0.004095714010549006 -0.013614085800733693 -0.14842363516272528 -0.1589292284462304 -0.04248468901897019 -0.22238698334116402 -0.07692220818766056 0.12323191756433402 0.1326424373581736 -0.007899583539675355 -0.19701525502902145 0.0886865725014814 -0.015198996402722199 -0.03406543215883561 0.023621053358233706 -0.0773066651605411 -0.04327861396201016 -0.2355983610867955 -0.12337634945210145 0.020140494983781343 -0.12520726318280206 -0.22441473878527615 -0.03078190280282662 -0.04132865273394822 0.10946486038323254 0.055194924111499316 -0.08918612014211004 0.007236245038420521 0.03278743241247884 0.0066245518925053554 0.02077227914711155 0.11824947310631545 -0.18230091346509747 0.2700711636638405 0.04798147831424967 -0.25245652712298805 -0.04651742800500872 -0.042712059753584976 0.005196468152739841 -0.09174945189658812 -0.06264951050266566 -0.20863538683515673 -0.12431318667674654 0.06518452554346996 -0.05633496879464168 -0.06442064184659321 0.25356893320912466 -0.09356734236605546 -0.02923241948704123 -0.06002398852925976 -0.0791740170645981 0.04693397861268739 -0.028611920917837833 0.14857182281975118 0.054406374712773035 -0.1462932253032643 -0.06307909883258836 -0.02000550009716573 -0.09281714469876816 -0.12063079737096816 -0.06936677145169272 -0.09682711946641036 0.09904932282284522 -0.08608313113620154 -0.09360156772633413 -0.2372691667950767 0.010262918648415184 -0.0840165080897775 0.004778543354473138 0.02386373962801448 -0.024169095257827018 -0.07006174848358587 0.032074538395955136 -0.012699823310837676 -0.10114819602879467 -0.09929776472761045 0.1174390449419623 -0.08363701845317578 -0.07857151481865701 -0.2019193817864149 -0.07675206272904035 -0.029904254713129498 0.2872591586516655 -0.04459591555781996 -0.0842421999317947 -0.12304270345073809 0.03289624813981491 -0.131493831379142 -0.043053377860925696 -0.22131256059076793 -0.18746113112740076 -0.12349416713621847 -0.03449117282128693 -0.09922604799120348 -0.21961796702383318 0.0853032537540894 0.1163989983041768 -0.02127930425075479 -0.06587596208551781 0.15704445753214277 -0.08321797489820522 0.051937607936041845 -0.11316150968477555 -0.027260326249551013 0.17388283622691922 -0.04719618052253308 0.1555895715903943 -0.15570708258838029 0.11953599441878189 -0.0508544693264858 0.1913950985512379 0.061502700038396134 -0.10285184712363916 -0.16690221344950082 -0.17427265092348315 -0.1235014903138133 0.006512712121572391 -0.1906967914411644 -0.187173881637532 -0.03901291091365025 -0.18234703930436377 -0.05220381443640497 -0.08374645398111621 -0.18040751528355092 -0.2574929477190566 0.14225698838903392 0.07447460812831964 -0.06206239332656717 0.0929492799839264 -0.022033723328476112 0.10303121595071225 -0.1159612082789518 0.0330926543202052 -0.0846581514503738 -0.034909984694674746 0.16009538852836833 -0.15914549348260448 0.03922793860898231 0.09744331732426618 0.05110871303711452 -0.26160937231332515 0.24317922018096588 0.15903592046589368 0.055302917721218176 -0.0764322546519055 -0.23648726130275227 -0.04943149401141002 -0.045239470175842955 -0.21382778553704657 -0.0025457317064657707 -0.08517708532150729 0.014775806709524261 -0.2975008562170477 0.09325677743395427 -0.07367278894055679 0.005028838583500336 -0.19505173071229218 -0.037179327198452836 0.1534990030902458 -0.08336828072519874 -0.061654792256510375 0.11189236182534075 -0.13032017154234266 -0.07194906159437532 0.05939018787222681 -0.07642482608115297 -0.1590675107212794 0.23114366366393324 -0.0031726817277187417 -0.09321072394911095 0.2745180351239965 0.029743093974812347 -0.11057073309225027 0.190143689604178 -0.11289370408285487 -0.07205548170799048 0.007582372954729295 0.17915944206329165 0.12253888776248298 0.0552238825516746 0.12876865821972547 -0.1842533787603968 0.19435025250435045 0.11081381240012056 -0.025826054805369675 0.02069697150260661 0.004052851997193178 -0.016260545324827784 -0.051795896682584136 -0.1260607401866444 0.07847457456004565 -0.07863398779995158 -0.07359407574213114 -0.07816264181241112 0.14282017908426123 -0.1272463575840229 0.0714050495197538 0.07532041207052839 -0.014648637016153198 -0.041936879228232075 0.02440177663995278 0.18411435786950633 0.22669703010179593 -0.11135040660111684 -0.03587740954629512 -0.09143915806968453 0.26409097981856616 0.046338838866473615 0.03325209139173294 -0.21048808780042644 -0.05786075929090599 -0.025588808715798883 -0.06309371204619962 -0.09027937430574488 0.08654128465410482 0.0764808213188057 0.02168145796280553 -0.09841023634148369 0.18238680812875804 0.017848695579455058 0.01103006024538035 -0.03539495910925915 0.11284419094443203 -0.030315518671398534 -0.11573511912619833 0.10727215660787424 -0.06455315449032197 0.08407060913358257 -0.08566318649914761 0.1752922575623739 0.3460927189936142 -0.011190076105372228 -0.20195975491111917 -0.07614722286396114 -0.016294114449815343 -0.1379117756591717 -0.1230516647950383 0.10709132386766529 -0.07690119008422139 0.0776695873722576 0.2409449610829834 0.34382463273228697 0.0492442794369578 -0.18551156280575523 -0.07146816393656669 0.012232341741536397 -0.09213867274076479 0.12892634640129752 -0.15119533567702065 0.01032352534697757 0.07197432854840097 -0.4299093630553098 0.08399044430868512 -0.05391071169841084 0.14836388432504088 -0.06283911040766096 0.04695154593807269 0.1922817697871852 -0.15289367224854433 -0.16150292554113646 -0.13973560214448347 -0.09484398375257125 -0.14431048506787314 0.062439314029238066 0.2723544693553308 0.17458069693709644 0.035747669289647954 -0.13882109623375358 0.06751779251628641 0.03341300455917107 -0.11788807046947802 0.13281922476983793 0.1602484992210118 -0.12921134574001567 0.2696401228987673 -0.061185624500798654 -0.15010012591577293 0.12580371037445315 0.10050146098778671 0.04105775498717941 -0.03311306289515132 0.13051073697098658 -0.1336014050473191 0.03400066880520823 0.07584599900168006 0.1209167913709659 -0.03687769498987534 -0.18955492554617845 0.02426242758304907 0.1599359787608847 0.04905381899426708 0.021000126188609865 -0.02575643820022838 -0.013743467028493633 -0.09767139629248936 -0.07830841139123729 -0.003412188355847887 0.15636269475527406 -0.10141053349415532 0.02610460961258492 -0.06797062695576947 -0.09961448981446766 -0.1114274319109353 -0.06527804127414509 0.12164322926458197 0.1406021733833689 -0.1221276731590166 -0.08991192631836722 0.02330391160398438 -0.20153489560131352 0.1790328966058908 -0.11323088743550876 -0.14874608869107483 -0.0707672532518474 0.08002666143836454 0.023555350474033995 -0.12630408023546652 0.21982002277800267 0.10628899581547921 -0.17791555002035833 -0.020275157403957682 -0.20116341155182446 -0.23822698534900263 0.0327443412925519 -0.07434330107622365 0.039960149059501085 0.11368209128918778 0.019977861962032002 0.062314397323661716 -0.1970704494451243 0.32540045407243645 -0.16671179840676612 0.1882852667975334 0.12438704026701157 -0.018463923798203444 0.13389511413359984 0.14419032524015254 -0.024093132471419528 -0.18806211830176703 0.0037706082830607124 0.10020514448512406 -0.08314750247279237 0.14292226117514725 -0.14252550075939296 0.234541775575913 -0.1577358877166075 -0.049741569347981844 -0.08731314706759806
0.33405829829032574 -0.4915334627407808 -0.36107266782352754 0.592867482105076 -0.039121343865349045 0.1233550171645157 -0.16358288986684036 -0.33159255252013303
MaxPool 2 1 2 1
Convolution 2 1 8 5 1 1
-1.0737182113261523 -0.3044595345811658 1.0466295771908662 -0.2993031822612184 0.3858636550234935 -0.09829882602313096 0.0981494667358785 -0.25621723689044434 -0.06340373104481478 0.06307951724308385 -0.5116245192259987 -0.41061682269799327 0.7478672018670374 0.17908954899697863 -0.0032647307245225006 0.048740010998723104 0.24943028536325987 -0.26070388829557545 -0.24533878124447112 0.475020438571738 -0.0023366844158830393 -0.14649072898216928 -0.29454034473138 -0.3170461077966049 0.39111218741022 -0.7224277843934646 -0.03373034922315067 -0.08682064853493748 0.1929573652117082 0.18710013740673995 -0.1555645656181314 0.45822579829782595 0.35088437092036795 -0.1301096939203613 0.2037491035165074 -0.4232072878128559 -0.5065636945723844 -0.2355084985151655 0.2100472460899585 0.364308022593509 0.8575044723971947 -0.33823875346005666 -0.254480010404605 -0.04252655935052037 -0.5243755000494176 -0.3169030451539444 -0.722490407894561 -0.0317165310698102 0.1424763194905504 0.6275457159057171 0.30689778146694435 -0.628458134406251 -0.28305146446701823 0.3552825626977922 0.29371581166744354 0.4884002451228591 -0.22368734794785453 0.7608576376364083 -0.6037778080912076 0.1602060685112302 0.14976866629110921 0.27454290079249444 0.44263667080608693 0.25779804184112726 -0.9630884618269505 0.9328237541194393 -0.29173944803130397 -0.039424405929480225 -0.0037550827633359763 -0.04769969488238556 -0.3179852189195703 -0.3992355585492998 0.47873927565100244 -0.0304114064990695 -0.5173504831761468 -0.6027346871754875 0.562291762172227 0.19016206174412534 0.09605151699189861 -0.27678016079960915
0.7901239687082775 -0.08199517483090041 0.6164451634864486 -1.1206980199135452 -0.2038759374502683
Flatten
SoftMax
